19
20
23
25
27
28
31
31
35
36
39
40
43
44
46
47
49
51
53
55
56
57
59
60
63
63
65
67
70
71
73
75
76
79
79
81
83
85
87
88
89
91
92
93
95
95
97
99
100
102
103
105
106
107
108
110
111
112
113
115
115
117
118
119
120
121
123
123
124
125
126
127
129
131
132
134
135
137
138
139
141
142
143
145
146
147
149
150
151
152
153
155
156
156
158
159
159
161
162
163
165
166
167
168
169
170
171
172
173
174
175
175
176
177
179
179
180
181
182
183
183
184
185
185
186
187
187
188
189
189
190
190
191
191
192
193
194
195
195
196
197
198
199
199
199
200
200
201
201
202
203
203
203
204
204
204
204
204
204
205
205
206
206
206
206
206
206
206
207
206
204
204
203
202
201
200
200
199
199
198
198
197
196
196
196
196
195
195
195
195
194