24 20 20 32 25 28 15 36 24 16
16 23 27 27 27 25 23 20 23 28
23 19 32 28 24 20 13 24 23 25
35 24 21 20 23 31 26 26 30 17
28 25 25 22 21 28 20 14 23 19
30 22 12 33 21 27 26 30 31 14
24 26 21 35 25 14 25 29 17 27
24 21 25 23 30 27 22 23 22 35
32 23 26 21 24 17 24 20 25 31
18 33 23 15 23 30 29 20 20 35
18 31 31 23 20 20 28 19 16 28
19 23 33 29 33 25 23 26 18 16
30 28 25 18 15 20 30 25 29 26
35 24 22 24 29 20 30 21 25 32
25 20 32 31 27 23 22 21 25 25
25 25 23 30 21 23 19 20 25 36
30 23 30 21 30 26 28 30 25 19
26 22 29 26 14 36 26 20 28 23
24 34 27 21 15 26 19 27 25 16
20 35 22 29 32 24 24 24 23 19