411.4444885253906 301.77777099609375 -17061.66796875 6.831701333910507e-33 167980875776.0 8590265344.0 -4.235262176370515e-22 3.0517821869580075e-05 -9007819877515264.0 
366.7778015136719 366.5555725097656 -17037.001953125 -129.7777862548828 164.44444274902344 -13.666666984558105 308.0000305175781 46.888893127441406 -441.5555419921875 
316.1111145019531 360.77777099609375 -17127.4453125 -127.44445037841797 158.44444274902344 -8.888887405395508 312.0 42.0 -442.0 
497.5555419921875 385.2221984863281 -17102.111328125 -148.99998474121094 207.55557250976562 -5.3333330154418945 317.0000305175781 46.999996185302734 -438.9999694824219 
387.6666564941406 388.9999694824219 -17073.111328125 -133.88888549804688 163.33335876464844 -14.888891220092773 314.0 50.00000762939453 -437.9999694824219 
356.22222900390625 338.3333435058594 -17064.5546875 -133.11111450195312 184.0 -2.6666669845581055 310.0000305175781 42.0 -454.00006103515625 
359.111083984375 336.0000305175781 -17085.22265625 -120.8888931274414 162.99998474121094 -14.666666984558105 321.9999694824219 42.0 -447.9999694824219 
353.3333435058594 360.22222900390625 -17061.443359375 -130.44444274902344 165.44444274902344 -16.111112594604492 319.0000305175781 46.999996185302734 -441.0 
372.3333435058594 328.33331298828125 -17109.333984375 -129.7777862548828 169.2222137451172 -8.333333969116211 310.0000305175781 46.0 -437.9999694824219 
373.9999694824219 374.11114501953125 -17092.998046875 -125.00000762939453 161.11109924316406 -9.111111640930176 315.1111145019531 41.111106872558594 -439.111083984375 
381.4444274902344 339.3333740234375 -17069.0 -139.0 191.00001525878906 -14.888887405395508 312.9999694824219 49.0 -441.0 
346.5555725097656 352.2221984863281 -17081.109375 -137.55555725097656 179.88888549804688 -12.888888359069824 312.0 44.0 -440.0 
371.4444580078125 322.0 -17027.443359375 -122.22221374511719 161.55555725097656 -0.4444444477558136 317.0000305175781 53.0 -445.00006103515625 
442.7777404785156 85.11111450195312 -17596.666015625 -137.6666717529297 232.55555725097656 -22.22222328186035 316.66668701171875 46.4444465637207 -445.1111145019531 
450.8888854980469 342.3333435058594 -17072.0 -136.44442749023438 153.11111450195312 -16.0 316.0 47.999996185302734 -437.9999694824219 
339.4444274902344 329.0 -17058.779296875 -108.77777862548828 126.33334350585938 -11.777778625488281 311.0 51.000003814697266 -441.0 
431.7777404785156 320.8888854980469 -6.491156717468704e-36 6.31103620041223e-30 14316669952.0 0.001302041462622583 -1.0842271171508517e-19 1.999977469444275 -1.44116321947222e+17 
348.4444580078125 328.7778015136719 -17084.111328125 -140.0 164.55557250976562 -13.666666984558105 317.0000305175781 43.000003814697266 -443.0000305175781 
